 -11.427  
 -10.333  
  -6.918  
  -5.870  
  -2.588  
  -0.654  
  -2.311  
  -1.255  
   2.284  
   2.616  
   1.223  
   3.612  
   6.579  
   5.713  
   5.526  
   9.072  
   8.298  
  10.526  
  13.448  
  12.411  
  14.319  
  15.519  
  12.111  
  11.414  
   8.138  
   6.756  
   6.857  
   4.513  
   2.047  
   1.991  
   1.305  
  -1.579  
  -3.037  
  -3.247  
  -3.996  
  -6.903  
  -7.297  
  -6.279  
  -9.199  
  -8.657  
 -11.812  
 -11.061  
 -11.476  
 -11.108  
 -12.015  
  -9.782  
 -10.246  
  -8.168  
 -10.546  
  -8.279  
  -9.202  
  -6.959  
  -7.450  
  -7.121  
  -4.994  
  -2.203  
  -4.465  
  -2.649  
  -3.590  
  -5.255  
  -3.434  
   0.032  
  -0.276  
  -3.271  
  -5.920  
  -9.545  
 -10.577  
 -12.092  
  -8.973  
  -7.733  
  -3.947  
  -3.588  
  -0.113  
  -0.695  
   2.930  
   2.111  
   0.395  
  -2.713  
  -6.421  
  -7.236  
  -9.933  
  -7.107  
  -6.042  
  -9.347  
  -8.727  
  -8.700  
  -5.271  
  -2.658  
  -0.306  
  -1.244  
  -1.024  
   2.381  
   3.685  
   2.633  
   3.969  
   7.419  
   7.379  
   6.266  
   8.955  
  11.650  
  10.650  
  12.823  
  10.848  
  10.860  
   7.724  
   7.103  
   4.634  
   2.241  
   1.025  
  -0.237  
   3.202  
   4.955  
   2.491  
   2.042  
   4.708  
   8.025  
  10.267  
   8.171  
   8.756  
   7.306  
   8.389  
   5.311  
   3.283  
   4.801  
   5.320  
   3.102  
   2.961  
   4.217  
   6.273  
